12.6972646,47.5852728
12.7574069,47.276958
12.2335576,47.444833
12.0835275,47.5019449
13.15647,47.5834682
9.8904461,47.37778
13.5660862,48.2664946
10.6708504,47.5515336
13.7359067,48.5017408
13.50355,48.5807611
12.4129367,47.6617346
12.0289472,47.4832541
12.0659231,47.5063898
13.090549,47.721845
12.2145217,47.6334047
12.799741,47.3594879
11.1638056,47.284585
10.7237577,47.4824519
12.0736093,47.4902615
12.058765,47.4826982
12.0568017,47.4816632
11.1986833,47.327992
12.0669701,47.5179979
11.2389207,47.2741232
9.6577046,47.3658287
11.234203,47.2676048
11.2644568,47.2618799
11.1895331,47.3254322
12.1564549,47.5665172
13.3026604,47.3364557
10.8896749,47.2051512
13.0694165,47.81305
10.9397211,47.2690698
13.2366152,47.9580513
13.2347091,47.9567186
12.4045535,47.6472391
13.0428037,47.8108735
13.0694891,47.7494396
12.8616539,48.0119321
12.8294386,48.0493709
12.8352988,48.0619306
12.8269945,48.0787219
10.7303481,47.4798283
9.6150358,47.2677821
9.7922573,47.2152142
13.0591239,47.8595913
11.4006736,47.2770544
11.3690127,47.2648793
11.3721341,47.2585822
13.0682748,47.7378301
11.3999414,47.1847544
11.3975575,47.1962022
13.3277295,48.3193468
12.8252824,47.2318018
13.2012671,47.956069
12.8769329,48.1303442
12.1515976,47.4531474
9.752019,47.5346925
11.3111409,47.2381074
10.910293,47.1763172
14.0516668,48.5754764
11.7004363,47.352743
12.1554402,47.5660388
12.4371787,47.5328554
10.5627804,47.3866909
13.8855139,48.6206759
13.0765583,47.8390611
11.9899621,47.4670397
13.0653941,47.7326272
9.7381816,47.5353864
9.7328482,47.4985349
12.8004516,47.3506212
12.8448817,47.4309898
12.8427008,47.4288523
12.1883821,47.4993658
13.1636776,47.8783925
10.5169751,47.4988653
12.8425375,47.429786
9.8536471,47.3980307
13.1574137,47.5840214
13.1044151,47.6798363
13.1004639,47.6822529
11.0615511,47.3099251
14.117574,48.4407994
12.1744214,47.5891657
12.1578419,47.5742244
10.7469278,47.2274537
13.0401008,48.246819
9.6567397,47.4390284
10.374294,47.1489834
11.9568644,47.4555052
11.3778129,47.2648692
10.4847212,47.3032925
9.843744,47.5155086
9.8221393,47.5054938
12.312857,47.6495842
10.8196777,47.327185
12.04271,47.4393589
13.4364062,48.4187233
14.2181746,48.5538931
13.1824267,47.5824331
9.6635305,47.4907031
13.7729941,48.5507954
9.7514193,47.5433444
11.6902671,47.346921
12.1622694,47.5863726
12.1606201,47.576601
12.1502783,47.5655819
12.3910485,47.4500988
12.9917985,48.0892032
9.6370246,47.3316708
11.0790576,47.3074651
13.0859989,47.8324206
10.5634434,47.1415762
11.0750128,47.3054673
13.5730549,48.4850455
13.402069,48.349753
13.4757081,48.3449507
13.3806431,47.4211424
11.6537949,47.3183235
11.772169,47.383069
12.9480127,47.7682431
12.538512,47.4797
11.8652633,47.3173581
13.0464771,47.8100592
13.0398441,47.8224151
9.946142,47.4986285
10.9263003,47.1363204
13.0533296,47.8200287
11.0732364,47.3001923
11.0754875,47.2995775
10.4640519,47.082861
13.0861375,47.7322035
12.072709,47.4900168
12.4177905,47.5196612
10.1907026,47.3604605
13.0530559,47.8085645
13.562339,48.4825259
13.6183872,48.2316744
12.1686641,47.5790915
11.9223503,47.3964399
12.0188246,47.4760111
13.2407583,47.7813552
13.0148998,47.8013496
12.8500448,47.4230602
13.443781,48.4383736
9.7332378,47.4878585
10.6965025,47.2131272
12.4241947,47.5268835
12.3887487,47.4963086
12.2509857,47.5210029
13.1780225,48.0743826
12.9684503,48.1020299
13.1994205,47.8231637
13.3833973,47.3622296
13.1739207,47.8235129
13.2000812,48.1508626
13.3442779,47.8534214
9.6080923,47.2723283
13.1517745,48.1142939
13.4252994,48.317257
13.1291758,48.1965478
13.1115309,47.8203064
13.2486363,47.8412785
13.194565,47.8189514
13.4243296,47.7234709
13.1195641,47.8575851
12.421582,47.4183817
12.2689257,47.5213159
12.3865677,47.458225
12.3863837,47.4561081
13.4256583,48.3075494
13.2618062,48.2704087
13.4278648,48.3943574
10.5813812,47.1502148
13.0987282,47.6865463
13.2000284,47.2404095
13.4907413,48.5222984
13.1935477,47.9057325
12.986985,47.7944196
13.3576491,48.3315005
12.9441101,47.7713688
13.0238843,47.8121026
11.1440307,47.3686742
13.4644137,47.5896827
13.5110678,48.316549
13.1823945,48.0092766
12.4230564,47.525291
11.27392,47.2369118
12.1618578,47.5853455
12.8941605,47.4077834
12.1578631,47.5749566
12.9544669,47.9865518
12.9421813,47.9573461
12.0659365,47.5196576
13.3840382,47.420858
14.1569982,48.4673531
13.0873571,47.7549356
13.9180871,48.4079563
12.254407,47.6785381
12.1327245,47.5916274
13.0495611,48.2580814
12.1969778,47.516996
13.1203969,47.9038812
13.4885138,48.1432006
13.6548643,48.5432663
10.7355432,47.2180582
9.647659,47.3043089
11.8835312,47.44794
12.8920591,47.9739555
13.0186744,47.8179096
13.0173618,47.8194664
13.053605,47.8170437
13.5412263,48.410452
13.5217838,48.4087498
13.2280068,47.8169337
12.8399716,47.4262439
13.0832874,47.7392478
12.9916479,47.2214126
13.3340339,47.8616336
13.1985566,47.2317466
13.05086,48.1787659
12.0454346,47.4776613
13.0488778,48.2439415
13.5835786,48.5425161
12.9053226,47.2894128
12.7960293,47.29651
12.7944978,47.2979238
13.1783447,48.1025324
13.1527957,48.1061729
11.0936573,47.3170455
13.0821792,47.9362595
12.7963707,47.3255952
13.8687679,48.4243855
13.8990484,48.6738031
13.6358072,48.3505607
12.1468636,47.4817871
13.9903766,48.5774493
13.0291164,47.7937123
13.9884418,48.5587472
9.895275,47.4325216
13.6457229,48.2000856
13.3389788,47.8469748
13.626293,48.3189227
12.4318061,47.5200064
13.3956841,47.8318993
13.3233475,47.8719196
13.0160292,47.8643964
13.1219162,47.8873791
12.9124138,48.0528074
11.4212549,47.2786617
12.1772342,47.5938775
11.4051467,47.2604162
9.6494431,47.430207
9.6532852,47.3411252
11.3837195,47.1710123
12.7647135,47.4392311
13.9185556,48.3178095
13.8801723,48.2841729
13.9034267,48.3104859
11.4210869,47.2608037
13.2457946,47.9698188
13.9388289,48.4443445
11.708213,47.3426222
12.98016,47.81733
9.75495,47.4541
13.0837909,47.9362286
13.3841217,47.4695913
9.6348381,47.3530092
9.869389,47.0981679
12.0397384,47.4852855
13.2022926,47.3489309
9.975356,47.3283574
9.698056,47.3819524
9.9052036,47.3474727
13.0825091,47.8299996
10.9375203,47.2687587
12.4410284,47.5383057
13.0853184,47.7697354
10.7480678,47.226721
10.7473254,47.226695
12.8032745,47.3884811
10.853179,47.2317649
11.146864,47.2844991
13.3413013,47.5659355
13.3421592,47.5649042
12.9973245,47.8348594
11.4297212,47.2280766
13.7433041,48.2700815
13.5588832,48.3526637
11.8029273,47.4033233
13.13796,47.63774
13.8830734,48.5028249
11.3658155,47.2644295
13.9698038,48.4967914
13.0679664,47.7481658
12.7428545,47.65739
13.6344247,48.1534825
10.642255,47.4413668
13.8051195,48.4843766
11.3886345,47.2563388
13.2964306,48.22476
10.3809185,47.0630949
13.0147985,48.2481941
13.4472801,48.4028144
13.3473242,48.2111066
13.0155611,48.2479507
11.7052382,47.3565698
13.5695998,48.4148759
12.0931672,47.5354926
12.1964787,47.6487412
9.7348361,47.4069998
11.0515298,47.3087674
12.3242163,47.4487733
13.246245,47.9693342
11.708474,47.5160939
11.7079423,47.528982
11.7355805,47.4331021
13.7716037,48.3385894
11.6529166,47.3181492
11.4531809,47.2632328
11.4331969,47.2634709
11.429711,47.263335
11.4230918,47.2619094
11.58825,47.2977398
11.5993377,47.2919223
12.0674333,47.5182039
10.9156841,47.4104641
12.9868242,48.0370923
13.0504943,47.7360665
13.525073,48.4066357
10.7661737,47.4365615
13.6010128,48.413151
12.3758465,47.488731
5.6941081,50.9567908
5.6743463,50.8927833
5.5069998,50.8659995
5.5327064,50.863658
5.9650809,50.7540493
5.6931452,50.6670578
6.0874539,50.7041968
5.6722861,50.6158889
5.6933009,50.6138326
6.0082138,50.7112687
5.4760622,50.9650963
6.1942866,50.4235645
6.0196115,50.6373931
6.0234046,50.6350738
5.5245161,51.0896706
5.808561,50.5700647
5.968693,50.6277291
5.94928,50.6227616
6.005053,50.6468686
5.5744127,51.1299706
6.3846224,50.3532649
5.7672786,50.734999
5.6078504,51.1387985
5.9366002,50.3966562
5.5090038,51.0045306
5.6926297,50.7213761
5.7608746,50.7590055
5.7115134,50.7386666
5.9963654,50.6522696
6.0723416,50.6719008
6.0812764,50.6902971
5.4955368,51.005001
5.6959986,50.7308063
5.973357,50.6688699
5.7019792,50.74471
5.8291796,50.5422207
5.5913949,51.1399155
6.0121928,50.6422729
6.014034,50.640938
5.6404881,50.6778907
5.639972,50.6750081
6.1117568,50.478534
5.6253717,50.647963
5.6263109,50.6507105
5.6407351,50.6787385
5.7886648,51.0973605
6.1215805,50.2766279
5.866085,50.5765635
5.5225064,50.908361
5.7449423,50.5899431
5.6270864,50.6578013
5.4803014,50.9263614
5.744915,51.1437505
5.6884749,50.9302828
5.9851883,50.6583272
5.9457887,50.6215977
5.8833671,50.6150939
5.8853584,50.6161114
5.8738356,50.5949146
5.9630549,50.5598829
6.0031146,50.4153933
6.0056084,50.4191586
6.0050167,50.4185159
6.0178286,50.4234313
6.0288417,50.4224446
6.0166605,50.4230768
6.0040638,50.4181803
6.1106461,50.4148222
6.1228344,50.4134095
6.0942496,50.2898612
5.8487222,50.2637929
5.7988921,50.285608
5.8485026,50.4905284
5.8441864,50.4898819
5.8525783,50.4911375
5.8311909,50.4898877
5.801506,50.6445552
5.8246753,50.6469663
5.854031,50.6948971
5.6662338,50.8953783
5.8770276,50.3793613
5.7514054,50.593496
5.7430454,50.6330859
5.7480236,50.6343244
5.7563479,50.636363
5.7544812,50.6359393
5.7642456,50.6369512
5.7750141,50.6378458
5.7843248,50.1516659
5.914931,50.2906587
5.6754987,50.5779631
5.7889226,50.1377621
5.9580446,50.4498492
6.1275602,50.2850987
5.8308136,50.6202676
5.8111761,51.1531584
6.1188982,50.718254
5.6464453,50.6875759
5.8395121,50.5789668
5.8373073,50.578018
5.8553577,50.6078531
6.1711346,50.3496412
6.2630489,50.4085383
5.4868411,51.0136328
5.4642207,51.0227173
5.5370011,50.9904732
6.2346231,50.395755
5.8236033,50.2598429
5.8651028,50.5791482
5.6444132,51.1179712
5.6166067,51.0311839
5.6687356,50.729729
5.6993537,51.0942375
5.7067459,51.0937776
5.7140549,51.0957115
5.5852086,51.1670804
5.5250701,51.1957881
5.8794583,50.5857522
5.8837365,50.5846621
5.6649819,50.7396551
5.9486975,50.4036547
6.0028676,50.6474302
5.4949913,50.999245
5.71801,49.9971484
5.8663224,50.5645438
5.5734408,50.8039555
5.6193692,50.8217299
5.8767868,50.6325844
5.8526217,50.6009574
5.9085413,50.5151842
5.6214097,50.8603651
5.6272965,50.6920787
5.6280523,50.6936984
5.5730096,51.0005545
5.8473726,50.3665891
5.5340599,51.1308832
5.65923,51.0673063
5.7024937,50.947897
5.5281938,50.8842219
5.7090984,49.9887138
5.7430541,51.0561954
5.8555213,50.6065783
5.7008217,50.6202985
5.8751327,50.3771849
5.6175212,50.8602256
5.6925589,50.9409873
5.6925487,50.9462911
6.1191999,50.7172213
5.8350332,50.6242562
5.6265752,50.6961503
5.5896887,51.095683
5.5808777,51.0168637
6.1678729,50.252439
5.6263355,50.6941823
5.4801439,50.9664967
5.6896505,50.6669811
5.6932517,50.9505342
5.6246437,50.6493677
5.5064785,51.0957414
5.68358,50.915262
5.8040927,51.1308955
5.7278317,51.0296601
5.5293383,51.0347941
5.5500757,51.0332341
5.6032832,51.0505877
5.5843527,51.0037243
5.7267451,51.068814
5.7257949,51.0135622
5.4899797,50.9769905
5.4747499,50.9970442
5.6924585,50.981986
5.6888912,50.9757107
5.701199,50.9802962
5.6402595,50.8986922
5.6885866,50.9306884
5.6007724,50.8907408
5.6922442,50.9393888
5.6930891,50.944912
5.6946621,50.9599802
5.5428295,51.1795522
5.5954432,51.1464076
5.7891015,51.1435927
5.7656841,51.086716
6.0942606,50.2896591
5.9654461,50.6773784
5.7033368,50.9472959
5.4802091,50.926558
5.7048687,51.0176923
5.684358,51.0849234
5.9158469,50.5182972
6.2214261,50.4116964
12.2705575,50.1621963
12.2791055,50.1602387
12.3146707,50.1716226
12.3581804,50.1274567
12.3725111,50.0841062
12.4034173,50.0859028
12.7450861,50.2273218
12.8677549,50.2329413
12.4067839,50.2544122
12.6781863,50.176252
12.3703908,50.0838918
12.3501286,50.0466756
12.3685046,50.1225254
12.3411659,50.0412422
13.3882325,50.4581549
12.4487169,50.0847771
12.7194349,49.4197245
13.8857797,50.6853088
12.9118252,49.437193
12.9440357,49.4358508
13.0291492,49.3920865
13.0245791,49.3926974
12.8675781,49.4554735
14.4561897,51.0242725
14.453011,51.0252229
14.2977486,50.9825058
12.8509461,49.3447283
12.8519788,49.3451869
12.8511426,49.3412051
12.8528719,49.3494564
12.8546126,49.3493471
12.8402682,50.2304151
12.85479,50.23126
12.9384882,50.2805379
12.8991647,50.2443053
12.8332763,50.24467
14.8596877,50.8523016
12.8752271,50.2135775
12.4593907,50.0863272
12.5298421,50.1228185
12.648175,50.1695226
14.45116,51.0317931
13.2371486,50.523607
14.5637666,50.9680835
14.5813195,50.9492706
12.209046,50.205042
12.3579546,50.1650121
13.3292719,50.4461285
12.4671506,49.8108396
14.6229161,50.9166645
12.3612208,50.0728496
14.5665193,50.913873
13.7819616,49.0668332
14.5798215,50.9433799
14.4326798,50.8014704
15.1578329,50.7338159
12.1708913,50.2156096
14.6446556,50.5711626
13.0463987,49.5456932
12.948532,49.5283628
14.4533485,51.005039
14.4789048,50.8611074
14.3331858,50.9909868
14.607823,50.9183085
14.3236316,50.9909317
14.3752319,50.9624518
14.559972,50.9288616
13.7656372,48.9351044
14.1984999,50.7702197
13.2761599,49.3921197
13.0250888,50.4848752
14.6529359,50.5602789
14.8540677,50.7943785
14.9507229,50.8172105
14.962562,50.8136474
14.9742955,50.8068565
15.041078,50.7681777
15.0524896,50.7537876
15.0530884,50.7423593
15.0953162,50.667909
13.3954313,50.4575133
13.3960458,50.4580971
12.9554902,49.4078778
14.0041347,50.6494368
12.9465607,49.4281236
12.825195,49.4392555
12.8290113,49.4389123
13.7236921,49.1329243
13.7847926,49.0584633
13.1644442,50.3864881
14.1537258,48.9357203
14.2380024,50.7986819
14.3618832,50.7841178
14.1457279,50.5355701
12.1906883,50.2209827
13.5602222,50.5863701
13.5401551,49.3304847
13.4606327,49.1706202
13.7560929,48.9607209
14.5581734,50.9308863
14.2922521,50.9975863
15.0280744,50.7746104
15.1605938,50.7154013
12.730799,50.4224969
15.0704672,50.7534097
15.053308,50.7593052
15.0508865,50.7331326
13.5514815,49.2542444
14.7267253,50.6680627
12.7897408,50.358751
12.4751007,50.3502911
12.4712495,50.3523308
14.4045673,50.7975941
14.7709508,50.7752173
12.6941655,49.9645823
12.5461056,49.6654164
12.5259319,49.6555916
13.260146,50.3856749
12.9274231,50.3627945
12.7358109,50.4294218
12.70303,49.95244
12.7043401,49.9500488
12.666273,49.9574828
14.7064468,50.7221817
13.0522709,50.1493725
12.8983079,50.2363738
15.0411125,50.8386618
15.1008663,50.7419155
14.7623674,50.7712254
12.6277514,50.0037313
12.6432917,49.8070242
12.6575718,49.8899307
14.0124268,50.6777269
12.809191,50.2183999
12.8461555,50.2270532
14.0729152,50.520458
15.1562786,50.7440827
12.4021223,50.084893
15.1443363,50.8968474
12.7145244,49.4179945
14.327617,50.9931938
14.0247148,50.4845714
15.1598278,50.7358697
13.7041657,48.8846194
15.0618021,50.7753879
13.7196841,48.9018134
13.7639374,48.9126363
14.0556563,50.659047
14.6064036,50.918168
13.7381896,50.611244
13.7507809,50.6110044
14.4641112,51.002734
13.5068067,49.1985234
13.9937722,50.6845639
14.1106792,50.6758508
14.1099632,50.6759165
13.6003796,50.6217705
15.0414866,50.7653879
12.6512294,49.7896302
14.0381563,50.6775471
15.0349586,50.7471136
13.7785167,50.563029
13.7781929,50.5641294
12.3710071,50.0932622
13.8423437,49.1193691
12.9417381,50.3115826
14.5825335,50.6075992
13.7083411,50.6373636
12.3513045,50.2151989
13.6533944,50.489512
13.6510297,50.4850318
13.6301031,50.5002883
14.0656962,50.6657691
14.0249092,50.6795505
15.0522655,50.7448
14.2066675,50.7717397
14.0987649,50.7615174
15.062764,50.9131279
15.061675,50.9158708
15.0795694,50.9193821
14.2273391,50.777423
12.5572667,49.8969219
13.7715286,50.5453707
13.7850323,50.5389871
14.0468028,50.6611502
14.2081062,50.7697931
13.6531029,50.5110872
13.6398973,50.5163278
13.6361792,50.4914596
14.6128238,50.9105584
14.6540031,50.6781967
14.2951967,50.7411063
14.5589227,50.9634933
14.47253,51.0045199
14.534383,50.6527819
14.1123146,48.7374903
13.8717451,48.9100435
15.0584543,50.7595367
14.0148302,50.7856682
12.8028724,50.1311006
12.56153,49.67403
12.4782098,50.3484144
14.5118912,50.9044412
14.5490054,50.9563104
13.6168065,50.5994936
12.4637385,50.092378
12.6744125,49.6748567
13.424679,50.3954236
14.064964,50.5072181
13.8667791,50.6602549
13.8659795,50.6589141
13.8164854,50.6442532
13.8150832,50.6481263
13.8069757,50.6546496
13.8354607,50.6321048
13.5980506,50.4497074
13.9405546,50.6942573
13.4706963,50.4237557
14.016608,50.6835884
12.6644314,50.1668185
14.0106145,50.6562477
14.0326538,50.6590647
13.7620871,50.7319783
13.8010182,50.6603756
13.6869709,50.7188431
13.7940973,50.6701665
13.7696344,50.7287392
13.846327,50.6345766
13.9745737,50.5367565
14.8095459,50.7876025
13.2942091,49.4086298
13.2936076,49.4084315
12.7549414,50.2398506
14.7395589,50.6451304
14.2134643,50.7751757
13.6614789,50.4990067
13.2955818,49.3824966
12.8122956,50.2767016
15.1836333,50.7340172
13.3101875,50.4843289
13.5911496,50.5961535
14.0289363,50.6543658
15.0298021,50.7804873
12.8742243,49.4185511
14.6160852,50.783844
13.29657,49.38479
14.2405473,50.785059
13.7990061,50.6630957
12.6521458,50.186235
12.3518524,50.0471324
12.3539018,50.0482058
12.7813985,49.708929
12.9454756,50.3166438
12.857171,49.9760449
13.5416998,50.3869565
12.5610286,50.2530377
14.7857367,50.700152
14.5174217,50.6753217
14.5642124,50.6819022
14.536565,50.7684233
15.05192,50.75633
12.1766915,50.2178685
12.38554,50.10064
13.40332,50.45996
13.4370942,50.4836399
15.1768068,50.8815794
15.2194727,50.9324963
15.0022954,50.6611991
15.0462224,50.773572
15.0902894,50.7602246
14.8616356,50.8519682
15.1759802,50.7095047
15.1623603,50.7197674
14.2884949,50.7888763
14.5406306,50.7675302
15.156078,50.6819463
12.5570281,50.1835849
12.1823171,50.2200012
13.4071457,50.46211
14.543042,50.7010152
12.840727,50.093348
12.7520697,50.3164726
13.2280124,49.1388944
13.5455524,49.1458395
13.6202613,50.4815755
13.6016519,50.5568811
13.3718806,50.6498688
14.5414976,50.6989341
12.6008083,49.6756133
13.6223878,50.6006059
14.3949445,50.7082747
14.3942048,50.7089999
12.3182923,50.1628896
12.6942385,50.1849177
13.0296377,50.4969798
13.5207707,49.2391771
12.8720156,50.241213
13.2527598,50.5086046
13.9775795,50.7874316
15.1568527,50.7266152
12.8510977,49.347151
12.5332761,49.6593639
15.1878162,50.733123
13.3091972,49.3961373
12.9355861,49.5248472
14.1110535,50.5316781
13.8340809,50.6518931
12.9477915,49.8771021
14.541228,50.7679398
15.0372684,50.7757248
14.2116338,48.8542787
14.029944,50.6630566
13.918393,50.468668
14.5448135,50.7164258
12.7368148,49.8627419
13.0962215,49.5929313
12.8026806,49.5117167
13.2016774,49.5586848
13.1147505,49.4831126
13.1453326,49.2943922
13.4433341,49.3012184
13.6884031,49.0995088
14.6264166,50.8961758
14.5847849,50.8736296
14.2379912,50.879151
14.1444583,50.7804306
14.0331833,50.6723361
14.0827731,50.6651922
13.2632089,50.4271361
13.2756542,50.374438
12.7513111,50.1886917
12.9286166,50.2784239
13.9647664,49.0759606
12.6351781,50.1888916
15.0228493,50.7840847
12.579768,49.5847935
13.8814402,48.911045
14.1888736,50.7209702
13.2736489,50.3839343
13.19504,50.38893
12.5213601,50.3121568
13.3998057,50.4508428
12.8935799,49.8143749
15.1621022,50.731628
13.3004871,49.3112806
12.4862422,50.1031542
12.2643739,50.0860948
12.2651719,50.0870293
12.2155644,50.1965742
13.9985226,50.6573217
14.0717939,50.662639
13.9700469,50.712014
13.9696248,50.7128157
15.0697339,50.7478858
13.6059001,50.59487
12.5191395,50.3195284
12.3807281,50.0791969
14.1299327,50.6659207
13.9319515,50.4729641
13.438122,50.4849735
14.5414742,50.7013282
12.3757392,50.0807761
14.6486566,50.563588
12.9971065,49.3487656
12.2606242,50.0872719
12.315811,50.166895
14.2324407,50.776296
12.6045655,49.8899917
15.0226661,50.7840422
15.0521995,50.7448258
14.5747282,51.000745
14.4478623,51.0332963
13.2561858,49.149248
13.9824428,50.811589
13.2937735,50.4861408
13.2274814,50.5460299
13.4327884,50.6100062
13.2244713,49.3479631
13.8276733,50.6270711
13.4265248,50.4523279
13.425851,50.452182
12.1676717,50.3175465
13.0685626,49.2746906
13.6326789,50.4847246
13.4444253,50.4987676
14.0700658,50.6626267
14.041867,50.6503615
14.0478368,50.519988
14.1524325,50.5370254
13.5116842,49.2253039
13.533034,49.2422703
13.5383977,49.2469136
12.7192824,49.5891011
15.0523438,50.7447694
14.5645405,50.6817757
15.0231801,50.7841084
15.0425737,50.7833977
11.1872953,54.7610689
9.5883777,54.9121753
9.4206557,55.0457559
8.9557562,55.058524
9.403957,55.0496936
9.7023889,54.9502864
9.6630221,54.9686608
11.4734121,54.7083878
9.8066569,54.9240298
9.8089923,54.9191932
9.8128432,54.9124525
9.5052864,54.9807718
9.674027,54.8936378
9.8935349,54.9108083
9.8969851,54.954421
9.4042791,55.0445813
9.4616564,55.0912297
8.5504722,55.151971
9.6731658,54.8892173
9.405275,54.8496262
8.8554824,54.9388019
9.7412488,55.0557817
9.4005285,54.8443805
9.4407703,54.8932861
11.3913191,54.6964087
8.8753526,54.9479807
9.4246698,55.046674
9.3430934,54.834741
9.3331084,54.8323053
9.3296153,54.8262126
8.7638812,55.1587414
9.34082,54.83211
9.3516257,54.8315052
8.8251941,55.0583815
8.8724739,54.9389239
8.5491433,55.152538
8.72742,55.19571
9.3658638,55.0655341
9.6089499,54.9330193
9.7839854,54.9227624
9.42179,55.0408
9.23765,54.93153
9.38075,55.06839
9.40065,54.84396
9.32625,55.07345
9.77415,54.91098
9.86884,54.98567
9.3481038,55.0703657
9.3681071,54.8567363
9.3063071,55.029419
9.4023048,54.8532303
9.8710525,54.9421204
8.7714887,55.1560466
9.8011025,54.9161683
9.3511475,54.8287991
9.3500763,54.829606
9.4207772,55.0354285
8.7028927,54.9625863
8.8678877,54.9378303
8.8710169,54.9513574
9.8734195,54.9450956
8.780131,55.0109205
9.3464708,55.0711004
8.9075504,54.9095622
9.219331,55.0764673
8.8300588,55.0498492
9.8765135,54.9504487
9.5932524,54.918991
9.806317,54.92177
9.8186654,54.9226457
8.9563303,55.063751
8.9532631,55.0583566
9.4006369,54.8455915
9.2558386,54.9367515
9.9947235,54.8846342
11.3554714,54.6594836
11.3609576,54.6592736
9.725427,54.9253185
9.4169951,55.0354965
11.3709961,54.6589191
11.3626608,54.6664812
11.3637941,54.6683694
9.1380729,55.1287227
9.9792204,54.9866982
9.361106,55.0676684
9.8668451,54.9894695
9.2496949,54.9360006
9.8095445,54.9219721
9.4077505,54.8498767
9.7488762,55.0555486
8.960039,55.1552521
7.3949637,47.8359069
7.573834,48.3626764
7.7094271,48.5955563
7.7380018,48.5440449
6.7096783,49.1188613
7.5556247,47.5931448
7.5561458,48.0433656
7.7582739,48.6038843
7.1379478,47.717304
6.1601767,49.3525221
7.3603849,48.0898484
7.6588369,48.9335499
7.6771356,48.4931988
7.292941,47.7596135
7.7641441,48.570531
7.0691033,48.9718916
6.9079041,49.1901771
7.0913618,49.1170605
7.7241086,48.655109
7.4938036,48.5259237
7.3690261,48.1297666
8.0320954,48.8241736
7.7793272,48.6001008
7.3190396,48.089124
7.3458128,48.0842283
7.3242097,48.1917158
7.3662659,48.0755913
7.6952215,48.5619622
7.5909626,48.7546741
7.7082189,48.7101334
7.6522804,48.6009949
7.6916915,48.3287949
8.1562379,48.974702
7.3871582,47.7718067
7.9661836,48.8215512
7.4361954,48.2493491
7.3299044,47.7584178
7.5584296,47.584094
7.2918407,47.7390684
7.6688388,48.9339934
7.9464318,49.0267796
7.8482489,48.6768121
6.9555618,49.2047105
8.0868667,48.8954444
7.5437801,48.1611904
6.4949412,49.17851
7.2936536,47.7756923
7.2939988,47.7584234
6.4927038,49.1845841
7.9117409,48.8974906
7.4014551,48.5342959
7.7059009,48.604238
7.651653,48.5628883
7.599103,48.5269704
7.429041,47.9457204
7.9083761,48.8992749
7.765351,48.6126194
7.334443,48.0581744
7.3545562,47.7525094
7.7608101,48.5871309
7.4909335,48.4650662
7.7653319,48.5436552
7.6932785,48.5912696
7.3296559,48.068831
7.2428762,47.8145941
7.2562832,47.8634715
7.7101664,48.5494215
7.4608597,48.2730741
7.95386,48.7600717
7.3059849,48.0947003
6.2135107,49.2191499
7.7423921,48.8303599
7.4000918,47.7582688
7.7622834,48.6303126
7.7297883,48.627676
7.7311907,48.6210052
7.1377337,47.7158916
7.398511,48.0800443
7.7194234,48.6663696
7.057707,49.0998143
7.0714446,49.1050063
7.4476669,48.536508
7.4696882,48.8683653
6.8906815,49.1825596
7.4734004,48.8659675
6.8496861,49.1585489
7.7099077,48.7079164
7.4900915,48.8301326
6.7987401,49.1394564
7.8838148,48.9357712
7.9681618,48.9026976
6.391634,49.1102135
7.5959049,48.2523527
7.7150885,48.5315598
7.0776907,49.0094123
7.6605736,48.9346101
7.5279744,47.9182766
6.1598779,49.3510501
6.9179112,49.1747393
6.1140248,49.3177351
7.0740278,49.1138589
7.4425992,47.6657298
7.3068013,47.74116
7.5558715,48.1648971
8.1422337,48.9234121
7.3133829,48.3403763
7.2417425,47.6252738
7.7889312,49.0079849
7.2882171,47.9445278
7.6885102,48.7466863
7.4112522,47.7456587
7.3569153,47.7470669
7.4758515,48.4157056
6.9206158,49.0584986
7.0642866,48.9749367
7.8892633,48.6992095
7.734468,48.5604912
6.169927,49.3792782
7.0271238,48.9860025
7.0279453,48.9866079
6.8631395,49.1744126
6.1335901,49.3574055
7.7817344,48.5560937
7.5058915,47.6082635
7.3198338,47.7245272
7.2579775,47.587328
6.884284,49.1173306
6.2987318,49.2029293
7.0905867,48.9336057
7.1859833,48.8637415
7.7803224,48.7988456
7.0978219,48.9296325
7.1892672,48.9384346
6.688672,49.1429637
7.5405228,47.8166994
7.573923,48.7577667
7.4606569,48.6343581
7.3439477,48.0674624
6.5927826,49.0487224
7.1476936,47.7407373
7.8157648,48.7563286
7.336483,47.7383333
7.1332203,47.7777927
7.1717122,47.7945038
7.3874172,47.7888643
7.7836146,48.5245521
7.6934355,48.5211712
7.5736368,48.5435887
7.786772,48.6727908
7.3899222,48.2797159
7.5680418,48.5271443
7.3365843,47.802949
7.3785327,47.7759264
7.383058,47.768071
6.7793489,49.1239002
7.294206,47.7384416
7.0887588,49.1071397
7.3168815,49.1119028
7.3301147,48.0219466
7.3795316,47.9940805
7.3126453,47.5540005
7.7930338,48.6711404
7.7543283,48.6179891
7.7439737,48.5533012
7.7306342,48.578955
7.7169033,48.5731241
7.7273233,48.4813453
7.6738463,48.4852484
7.4549119,48.4100172
7.4837797,48.5010248
7.4703592,48.5326072
6.0795444,49.3306045
6.1614264,49.3041285
6.1647849,49.2979146
6.1901634,49.2997968
6.1717956,49.2420464
7.5061569,47.784042
7.3467594,47.8653728
7.3411859,47.8595264
7.3761634,48.2294792
7.3934047,48.1869286
7.3340027,48.3258745
7.6875826,48.8683382
7.9029525,48.7307011
6.6845942,49.1095948
6.683192,49.1096467
6.7084482,49.2022653
6.7069652,49.1958507
6.8102561,49.1480651
6.7875845,48.9906144
7.6478901,48.9016242
7.2681176,48.1356882
6.2782726,49.3201993
6.2098901,49.2430811
7.4645485,48.2757588
7.4950372,48.4595648
7.3260583,47.7615982
7.778578,48.8201804
7.5172857,47.7711493
7.3072919,47.4995537
6.1569223,49.2564431
6.2119786,49.2977188
6.7202613,49.1087272
7.7823262,48.6120153
7.5372615,47.5987924
7.8443652,48.9049943
6.6874525,49.185499
7.6440429,48.5153726
7.9894035,48.9707734
7.7689968,48.5811044
7.6960336,48.7205682
7.5546737,48.2814631
7.5924967,48.8433284
6.1920666,49.3484893
6.118057,49.2726627
6.1300171,49.2562002
6.0398459,49.3499418
7.4671045,48.3626079
7.3650903,48.1204143
7.4037405,48.0761266
6.05748,49.3308424
6.6610307,49.1326834
7.7478553,48.9328824
7.5042547,48.5414319
7.0884796,49.1073254
7.6911986,48.7245905
7.9024328,48.7232843
7.7510637,48.6535235
7.8688319,48.6862277
7.3004612,47.7396978
6.6520358,48.9343553
7.3969377,47.7537445
7.6112937,48.5802986
7.5862721,47.5977055
7.0447169,49.0503271
7.3754884,47.9506201
7.5813196,48.538877
7.7561854,48.6562935
6.1004037,49.6058088
6.1173429,49.5977042
6.1013974,49.6055728
6.1014648,49.6059133
6.1008235,49.6055335
5.7843248,50.1516659
5.914931,50.2906587
5.7889226,50.1377621
5.8236033,50.2598429
6.1358811,49.6328467
5.71801,49.9971484
5.7090984,49.9887138
6.1349946,49.5949367
6.1381951,49.587868
5.5791029,51.9573134
6.9138258,52.180342
5.9757516,50.8752309
5.7432504,51.2776793
6.0019539,51.3276219
6.0009082,51.3781372
6.1837053,51.393745
6.1611275,51.3960433
5.7946562,51.4546476
5.8816891,51.7240209
5.6693382,51.7237331
5.5458972,51.7645845
5.6019024,51.9219463
5.7567,51.95081
5.9588898,51.9745287
6.904986,52.2127163
6.7894542,52.4028411
6.7006792,53.1944801
5.7634245,50.7995241
6.6004686,52.4124399
6.5226076,52.4631013
6.5020314,52.4611401
6.5012786,52.4613183
6.4846712,52.4648045
6.4198444,52.5110824
6.4244094,52.5179508
6.4677171,52.7219002
6.4675494,52.7192572
6.1094726,51.649235
6.677379,53.4103277
6.6659999,53.4095137
5.8253441,50.9717076
6.9641927,52.2157128
6.5045472,52.5464263
6.4259913,52.5305299
6.4361112,52.5293431
6.8704317,52.2206684
6.8696452,52.220225
6.9817908,53.1890146
6.9749291,52.2153179
6.7417332,52.2122275
5.6597986,51.9997817
5.6486933,52.02081
6.7337612,51.9604764
6.0909297,51.152642
6.5643974,51.9280956
6.569263,51.9298692
6.5808406,51.9165317
6.5927829,51.9317226
6.5933362,51.9321313
5.7769608,50.8599339
5.7821878,50.8600712
6.0759458,50.8560296
5.8694775,50.990999
5.9839446,51.3793769
6.0154606,50.7740854
6.5857672,51.8954734
5.7530286,51.9837851
5.6533456,50.8350325
5.8800825,51.3434738
5.9614483,50.9116597
5.9327951,50.8762804
5.8401802,51.8878704
6.4558983,52.362597
5.9971604,51.3347784
5.6349655,51.7701952
5.6329749,51.7365179
5.6741526,51.7369813
5.6820024,51.7399137
6.7800932,51.9432402
5.6732713,50.8797613
5.9799664,51.5178806
5.980351,51.5117334
5.9166051,50.8109892
6.1603269,51.3339499
6.2128436,51.3804374
6.1447446,51.3484874
6.8924137,52.2400785
5.9738265,51.3389242
6.0500203,51.3550623
5.9650803,50.8753782
5.9430839,50.8754704
6.0622695,50.8587914
5.8457192,51.9157758
6.8775384,52.6645994
5.6418019,51.7940338
5.8116485,50.9920252
5.9508218,50.9333139
5.9732992,50.9379167
5.9189841,51.9850477
6.8798916,52.20492
7.0334462,52.4012352
5.557162,51.7138809
5.8333593,51.0385923
6.1533086,52.0967652
6.1522815,52.0939915
5.7966291,51.4538628
5.8958994,50.816177
6.039336,51.7144495
6.1441921,52.1639634
5.9401272,50.903869
5.9396439,50.9040695
5.9895777,51.1848257
5.7268401,50.8167592
5.9532427,51.4273801
5.8816091,51.2318179
5.9893515,51.2649024
6.8473561,52.3564429
5.5838481,51.2171587
5.8831652,51.1644216
5.8374021,51.1761027
5.7712368,51.4659696
5.9110787,51.8952721
6.7172356,53.2876486
6.823871,52.4339163
6.0368592,50.9121607
5.8915202,50.9144518
6.6492237,52.884751
5.7848722,50.8747651
5.9765131,51.9910218
6.0601411,52.0187778
6.103142,52.0600124
6.1027669,52.0604143
5.9816573,51.9968269
6.0975621,51.3373367
6.9048841,52.3090911
5.6606539,51.9735227
6.0558813,52.164177
5.8742505,50.9372346
6.283875,51.968922
6.9997581,52.3707396
6.4761146,52.7313245
6.9144852,52.410657
6.9047996,52.4105185
6.9276683,52.3526762
6.9348674,52.3184062
6.7587489,52.4250941
6.2550756,51.8775165
6.0789604,51.2307467
6.8459489,53.0503382
5.7307756,50.8512053
6.2693538,51.9747396
6.3030826,51.951162
6.9178474,52.7761608
6.7254727,53.1672069
6.4774273,52.7162387
5.7204121,51.8077418
6.6645211,52.3467673
5.9584579,51.9761762
5.9443138,51.6665211
6.7005748,52.2567137
6.8829217,53.3213542
6.2603746,51.9703579
5.8577504,51.1058712
5.7851233,50.9499412
6.8685004,52.2188333
6.7582767,53.1639363
6.984197,52.7332084
6.0264984,50.9194463
5.7116793,50.8431852
5.5513236,51.7737947
6.2167842,52.1182894
6.2106749,52.1417493
5.733901,51.812925
6.8890786,53.1052937
6.9442811,52.9931064
6.5056873,52.3050962
6.0825537,51.2901489
6.6394583,52.3398587
6.8616526,53.319421
5.7366647,51.5025048
6.0482432,51.2709493
6.5056647,52.8583801
5.8936554,51.8922853
6.0373398,51.6114617
5.6720232,51.6073922
5.9319548,51.6448986
6.7319124,52.6606941
5.8686273,51.728419
6.1375156,52.0024656
6.2740627,51.9504844
6.6422176,52.0918651
6.5775434,52.682459
5.8602926,51.9156919
6.9113575,52.2230061
5.6162816,51.5916709
5.8176997,50.9583958
5.9705631,51.6937698
6.6421362,52.5801409
5.5192688,51.7333832
6.3048708,52.0517728
6.7742607,52.2539335
5.7571175,51.9483696
6.9989751,52.7243343
6.3136317,52.7100246
6.5583266,51.9852183
6.0574197,52.1392086
6.9159971,52.2490476
6.7409536,53.3302632
6.5082063,52.2469336
5.7699821,51.6868701
6.875021,53.1273158
5.8074181,50.9510324
7.2078118,53.1835682
6.6099146,52.683108
5.802962,51.8064914
5.8972674,51.8316034
5.8255444,51.817177
6.5052612,52.3557889
5.8737124,50.9116778
5.5677778,51.9181269
5.9495124,51.5716981
7.1495317,52.9779926
6.8600462,53.2487441
5.8770907,51.0008591
6.5391258,52.638632
6.9476735,52.8736258
6.46472,51.9424671
6.8915433,53.1173051
6.5753227,52.3359531
6.5838893,52.3595455
6.8581306,53.0957826
6.8840462,53.1007877
6.8829408,53.1002023
5.7493543,51.8135481
5.701397,51.8755259
6.3017195,52.0135324
6.0858512,51.9389735
6.2030023,52.1364276
5.9828603,50.8349999
6.9331455,53.1821022
6.9320032,53.1809056
6.9252639,52.2997458
6.0061061,50.8623761
6.8023136,52.2580382
6.6015686,53.2340344
6.7756123,52.2669288
5.8680066,51.5400979
5.9621496,51.513753
6.3817739,51.8769644
6.0488255,51.4404845
6.0130093,51.1909108
5.6678775,51.6026468
5.6715587,51.6102633
5.8843522,51.9468326
6.4152761,52.4519898
5.8773196,51.8373615
6.0257409,51.2000622
7.0210573,52.8735408
6.790689,52.9722506
6.7624998,52.9992016
6.0234845,50.9165477
5.732994,50.7999842
5.9031956,50.9629591
6.5043198,52.3151216
6.5194441,52.3125956
6.5118186,52.314174
6.5099132,52.3043729
6.5228222,52.3040298
6.5044081,52.3217734
6.5012536,52.3169666
6.1499569,51.3520528
5.8931565,51.6584308
6.0681913,51.199497
6.0219507,51.5044209
6.0222658,51.5057995
6.085632,51.3319356
6.317206,52.5304421
6.0615422,51.3036228
5.7359993,51.7596836
6.1399135,51.3924413
6.5030408,51.901961
6.395306,51.9104856
6.0161474,50.8711069
6.2634279,52.5093036
5.9596293,51.2336553
6.0262251,51.9856397
5.9711723,51.9788072
6.9759286,52.2231947
6.1772533,52.004738
5.7729145,51.2816911
6.4906383,52.2367135
6.3310222,51.9171005
6.2795897,51.9620717
7.0829364,52.8460884
6.792986,52.2553049
6.9519404,52.8446889
6.9268063,52.7631479
6.0759956,50.8612535
6.0192789,50.9049335
7.0048963,52.86643
6.9276699,53.3334761
6.804843,52.2788526
6.7547358,52.2955517
6.1848043,51.348491
5.9857877,51.2657248
6.6554982,52.4220785
6.7753852,52.2831863
6.5174824,52.7113988
6.164104,51.4836412
6.9232162,53.3356716
6.935769,53.3218912
6.0698847,52.104313
6.0677902,52.1049463
6.064889,52.0955301
6.8092878,53.4445368
6.772116,52.2545082
6.7434126,53.3295344
6.6412674,52.3714597
6.6377805,52.3736474
5.9796781,50.8172045
6.088028,51.3965509
6.8848719,52.2368985
6.6724115,53.4087984
6.6755454,53.4101713
6.0539975,51.4660224
6.7091395,52.381323
6.8022554,52.2744085
5.9623558,51.233313
6.0351996,51.4195555
7.0385514,53.0390988
6.1789619,51.371441
6.1285367,51.4073055
6.53567,52.7274693
6.4504094,52.0952038
6.4582307,52.0805621
6.460481,52.0773577
6.7642686,52.2945202
7.1456577,53.1013914
5.6131385,51.8866624
5.7584808,51.4406005
6.5046287,53.3352356
6.5169186,53.3234812
6.5581253,53.3954648
6.42092,53.3566222
6.1906393,51.3444076
6.029309,51.191199
5.8809005,51.1473207
5.8332397,50.8195998
5.9270159,51.7369997
6.1492517,51.39227
6.9042964,52.7813311
6.9179555,52.901891
6.0741243,50.8618414
6.7908566,51.9387578
5.9367344,50.9091363
5.9304574,50.91888
5.9573174,50.8948227
5.8115617,52.0077756
5.8847321,51.1170556
6.7675351,53.1638644
5.8626206,51.1046738
5.8549403,51.0253225
5.8624251,51.0346017
6.364705,52.7608287
6.621695,52.5666015
6.6293836,52.5602656
6.4068193,52.7072131
6.7562509,52.9995568
6.8055198,52.2648122
5.6391663,51.8738659
6.6486642,53.34227
6.0984258,51.5556023
5.7320566,51.7513805
6.4857774,52.7213145
6.8466208,52.8504177
6.1817042,51.3834818
5.7909854,51.7608262
5.8814074,50.9237156
6.7189714,52.2597207
6.4948875,52.7352088
6.5034037,52.7307381
6.4967516,52.7375474
6.343441,51.9157172
6.7551219,52.3042033
5.9055406,51.2509447
6.8706449,52.6833105
6.9836427,52.7078547
6.92468,52.7069387
5.8716835,51.106986
5.8852928,51.098959
5.9012415,51.0927769
7.0328523,52.7228069
6.7620668,52.8397522
6.9149083,52.7759378
6.9192024,52.7791912
6.9403439,52.7922143
6.9462544,52.7821858
6.9060785,52.7965448
6.9401944,52.8005956
5.8829984,51.9513379
5.8845231,51.9487762
5.9512949,51.2221539
5.7843701,50.9065474
6.9189155,53.3196745
5.814419,50.9570165
6.9298134,52.2907445
5.9389779,51.9424786
5.8313426,50.9595758
7.1131855,53.1724229
5.6593177,52.0017076
6.9016482,52.7987684
6.8639277,52.1993688
5.9725371,51.6966767
5.7845877,51.824288
5.7840776,50.9366256
5.9233273,51.1935472
6.2838384,51.9461101
5.8163587,51.0270685
5.799757,51.0108001
5.8696749,51.8281171
6.8673925,52.8831635
5.8535131,51.7316925
5.8821138,51.6916447
5.732875,51.3621129
5.724652,51.3739086
5.6953873,51.3472397
5.882952,51.3316946
5.8947379,51.298802
5.7956034,51.3056438
5.7462186,51.2861374
6.0226127,51.1278595
6.0690096,51.1287384
6.1032991,51.143188
5.9626672,51.1663422
5.8911544,51.1507203
5.8232961,51.1735165
5.7219958,51.1980212
5.7282588,51.2512427
5.7173421,51.240567
5.7152073,51.253398
5.7044411,51.2385322
5.6989592,51.236531
5.7231095,51.2614283
5.6886534,51.2583235
6.6244978,52.1378585
6.6175777,52.1327713
6.6280436,52.1351602
6.7565003,52.6984127
5.7597651,51.8256378
5.7659487,51.8169689
6.7425912,52.1735885
6.7239327,53.4128245
6.2575586,51.9010969
6.6571825,52.345089
6.6572354,52.3415384
6.6534006,52.3322457
6.6495623,52.3282757
6.0270276,51.946517
6.0112538,51.9561287
6.6466598,52.356698
6.7094258,52.0135144
6.1318736,51.4226238
6.0945274,52.0538475
6.5932834,52.2463904
6.4642186,52.3569167
5.8590175,51.6968671
7.0492398,53.0323818
6.965383,53.0842433
7.0026383,53.1071204
6.8022283,52.7728125
6.473987,52.6004494
6.6570699,52.3342617
5.9688413,51.5176131
5.9347718,51.9722769
5.8259314,51.8267926
5.9780185,51.5302937
5.9444485,51.5711681
5.9432535,51.6546486
6.832892,52.3523334
5.8105768,51.6649228
5.7690127,51.5787543
6.3021254,52.1098146
6.2168485,52.0381266
6.7084445,51.9722181
6.7157134,51.9681531
5.7178748,50.8103906
6.0106251,51.5253947
7.0729086,53.097593
7.0208748,53.1082762
6.5765925,52.2334706
6.5817485,52.2321864
5.8581916,51.8317079
6.6176101,52.844212
6.078189,51.5378865
5.8432724,51.788701
5.6109864,51.6007635
5.607472,51.5984762
6.8591763,52.3467647
6.5299811,52.1196819
6.5073382,52.1051236
6.530854,52.1270312
5.9860926,51.5398182
6.621603,52.5613841
6.6127467,52.5748225
5.9587741,51.8784051
5.9486904,51.8746157
5.9706241,51.8782991
6.5216928,52.7289309
6.487855,52.8449357
6.8874777,53.1100619
6.8926484,53.1014098
6.8913804,53.1022679
6.593303,53.292583
6.5938237,53.2924821
5.8036164,51.8586428
5.92309,51.9146959
6.5060573,52.7201886
6.7257303,52.3231188
6.3092168,51.9666602
5.7214555,51.2491712
5.5852877,51.932271
5.581774,51.9327738
5.6755812,51.6931845
5.7502534,51.4042545
6.183747,51.9396887
6.9840699,52.9845569
6.6614904,52.6102102
6.6550541,52.6124816
6.7386325,53.1644871
6.141888,51.9982179
5.8888223,51.218484
6.3105889,52.0423209
6.2478112,51.8799436
5.8416865,51.2034997
6.003936,51.5246966
6.6231072,52.2395687
6.7127585,52.3825521
6.6461188,52.4190809
6.8378059,52.3038209
6.6424102,52.1991699
6.9311551,52.3005994
6.9256099,52.2978796
7.0175762,52.3858646
6.8344402,52.1434004
6.307555,52.0972082
6.9993157,52.2631887
6.6604036,52.3491873
6.6884272,52.3720388
6.6838066,52.3717934
6.6803041,52.3709989
6.9422826,52.2236748
6.5826311,52.3601761
5.6706732,52.0278088
6.0540057,51.5967775
6.4524172,52.3868841
6.4686065,52.3796357
6.4319794,52.6754834
6.4392048,52.6677103
5.9185173,51.9930747
6.8955478,52.7724991
6.3056979,52.0406571
6.238814,52.1439444
6.4086971,52.1633053
6.3974481,52.1688005
6.7073541,53.2813264
6.4840595,52.3641001
6.4952984,52.3548467
6.3064702,51.9756726
6.2889667,51.9511332
6.6269619,52.0564228
6.2691469,52.5663845
6.6995644,52.1471861
5.6420042,51.6757618
6.819951,52.2624379
5.9227102,52.0037924
5.9480653,51.983544
5.9472522,51.9707027
5.8813653,51.9999763
5.9249557,51.9449894
5.8616351,51.9620335
5.8858265,51.9518351
6.3756631,52.3709998
5.890214,52.1193552
6.1922456,52.0699326
6.1840188,51.9610751
6.2315301,51.9491087
6.3130941,52.7107886
6.92187,52.7702035
6.9097472,52.7628427
6.9795286,52.7312534
6.9001969,52.1935487
6.9058207,52.2162624
6.7027691,52.1762147
5.8931916,51.6832816
6.4872755,52.8460914
5.8333235,51.9481614
5.7541892,52.020994
6.3700124,52.6827524
5.8798601,52.024411
5.8123305,52.0171343
5.8447803,52.0067013
6.4375295,52.2554067
6.4305141,52.2526664
6.8665085,52.1284849
6.7350787,52.1615777
6.0806599,51.9368684
6.3586512,52.6795141
7.0068596,52.2601931
6.6949462,52.24439
6.8107144,52.2595903
6.8513263,52.2809887
6.5875709,52.2382196
6.9804602,52.7327348
7.0123357,52.8077249
6.8502053,52.7231309
6.5611501,52.1982811
6.7888868,52.2520669
6.2556866,51.8766304
6.7720356,52.2420354
5.7397438,50.8422025
5.7113152,50.772387
5.7282679,50.7858034
5.7292036,50.7772506
6.123144,51.5862631
5.7022955,50.8296349
5.7196487,50.8430576
6.6027357,52.5744064
5.658715,50.8487054
5.6541157,50.8445847
6.6299756,52.4333507
6.6289847,52.434445
6.6130682,52.465212
5.9312644,51.7845763
5.6648637,50.8529038
5.6656512,50.8538305
5.6605256,50.8593465
6.7344159,52.6645432
6.7530369,52.6499248
5.7216284,50.8314001
5.6769436,50.8601895
6.6447931,52.7153437
5.8668124,51.113548
6.0194659,50.8230435
5.8491728,50.8791628
5.8229776,50.8263016
6.1838351,51.9390314
6.1400044,51.9333584
6.2757891,51.8760795
6.3877468,51.8910673
6.6698853,52.4956548
6.6519022,52.4863492
5.9731128,50.9652089
5.7276195,50.8936966
5.7849672,50.9547818
5.7851641,50.9561564
5.7154217,50.8559341
5.8774227,51.8266055
6.9260285,52.3209753
5.7678459,51.2545702
5.8260847,50.958049
6.8660187,53.3602427
6.5406323,52.4306797
6.9006978,53.3267138
5.8275104,50.9835811
5.8400177,50.9776441
6.020305,50.8239533
6.0011487,50.8585336
6.8708603,53.3199185
6.6433713,52.7160826
6.5954459,52.2312135
6.7166466,53.187011
5.9454457,50.8972104
6.5741095,52.295107
6.5680583,52.2929739
6.5763724,52.2954057
5.9700072,50.8793867
6.4598987,52.3609466
6.5095901,52.3599449
5.812064,51.4042728
5.7562244,51.4159417
5.891403,51.6846478
6.6548,52.3142875
5.9085732,51.3794763
5.7947349,51.4608741
6.0482953,50.9154094
6.6240053,52.3527307
5.9458288,50.9204433
5.8440916,50.9852127
5.8254447,51.0583161
5.8239396,50.9696193
5.7335705,51.7630933
5.7788335,51.7431183
7.186989,53.0778654
6.0636256,51.1598957
7.04402,52.8896543
6.1393475,51.3645326
6.1364221,51.3728078
6.1436461,52.163257
5.6007357,51.7456034
5.6007,51.7464336
6.1398364,51.3792581
7.0832653,52.8507293
6.1901383,51.3802086
6.1785053,51.3719316
7.0485608,53.1317339
6.1921488,51.3435562
6.9831769,53.0972765
5.8098407,51.2202901
6.8044381,52.2526866
6.016123,51.2107241
6.7877951,52.405496
6.7627726,52.3734876
6.1266419,51.3187686
5.8350932,51.8380134
5.8332724,51.853577
6.688968,52.323292
5.7281761,51.8185732
5.7374792,51.8231412
6.7712586,53.1632741
5.6882755,51.5654301
5.6437826,51.6479865
5.644374,51.6547799
5.6973404,51.6457348
5.6130178,51.6676472
5.8779119,51.9332043
5.6454828,51.9604265
5.670335,51.9781557
5.6904345,51.5459692
5.7990946,51.9783297
5.8514176,51.9865028
5.6069763,51.923578
5.6623979,51.6443609
5.7094908,51.7063509
6.1516429,51.3740884
6.445155,52.7738953
6.8914296,52.789533
7.040638,53.208238
6.3284294,52.1052248
6.8372027,52.2232918
6.8892773,52.2080216
6.4358358,52.6674519
6.3196204,52.1064386
5.843155,51.9149862
6.2026842,52.1590361
6.2862273,51.9590494
6.2858573,51.9616485
5.6309217,51.6544917
7.0533172,52.9555199
6.9625731,52.9926644
6.9278528,52.9998407
6.5211117,52.4920027
5.5174217,51.7714749
6.450324,52.0951764
6.210364,52.1267469
6.1903316,52.1436778
6.3450762,52.0010454
6.4151671,52.2762038
6.4304265,52.2787525
6.4023969,52.603031
6.5769679,52.2976559
5.8329089,51.8485393
6.2284417,52.1633616
6.6232165,52.5301032
6.3775104,52.1851273
6.5977397,52.574995
6.261337,52.5117746
5.7742742,51.2755403
6.4261379,51.9916927
6.4578406,51.9445068
6.5917087,52.0084058
5.6572028,51.91793
5.65419,51.9144403
6.2244354,52.0733236
6.5958568,52.3650797
6.5952342,52.3568124
6.5868292,52.5023073
6.433661,52.5971417
6.8384338,52.3943743
6.3764419,52.358163
6.3487917,52.1967014
5.907204,51.9678198
6.5325655,52.6940928
6.0203533,52.1183592
6.5366797,52.4374422
6.5181471,52.86532
6.4250912,52.2801357
6.2231326,51.9475498
6.5121277,52.0109679
6.2899097,52.6721613
7.153113,52.9513811
7.1083367,53.0233299
6.4135297,52.158234
6.5292568,52.8497878
6.9931515,53.1633204
6.9303408,52.7575952
6.7265697,52.6585486
6.2679445,51.9710406
5.9128064,51.9898357
5.8072278,51.8096013
5.7993249,51.8464321
5.7981574,51.8390154
5.8211239,51.8146409
6.3626464,52.4039563
5.8605616,51.9113105
5.8618522,51.9162441
6.0845331,51.5381125
6.1791872,51.3872642
6.8411879,52.987722
6.0250086,50.8867559
6.3072336,51.9484246
5.8600497,51.7313851
6.7317315,52.1609242
5.7038208,51.9519122
6.2904377,52.3884147
6.8435698,52.7232302
6.4912282,52.2366834
5.5586986,51.6970484
6.8665534,52.2183442
5.8133662,51.4131062
6.0613302,52.1059296
5.5329373,51.7525019
5.5326514,51.7470947
5.5359185,51.7356314
6.0086986,50.8512499
6.8193051,52.7556685
5.7050023,50.8608177
6.7549714,52.6583463
6.741444,52.1713729
5.9749299,50.9302167
6.6508148,52.0941237
5.7395842,50.8865541
6.0488911,51.4108078
6.9661306,52.7404527
5.6046813,51.8837656
6.0339722,50.8651018
5.676088,51.24636
6.7982244,52.9244532
5.8361985,51.7266082
6.7981379,53.2454591
6.0522719,51.2444171
6.3398899,51.9297508
6.6926094,53.2777746
6.8493834,52.7234815
6.9676789,52.980301
6.7190503,52.7539788
6.5639127,52.0655306
6.05374,51.439331
6.1486518,51.3833707
6.1372249,51.3906189
6.024992,51.1735173
5.9235977,51.8190515
6.6522468,52.1033863
5.981992,51.5459437
5.9240671,51.3359055
6.577211,51.9872175
6.8948405,52.7769946
6.8310302,52.2985087
5.814608,51.8297484
6.153367,51.3871721
6.0051267,51.2030804
6.0062755,51.1554642
6.8731732,52.7493193
5.876664,51.931845
6.4899965,52.7314553
6.6134121,52.7180613
6.6123263,52.7183942
6.7255507,52.6638497
6.0685636,51.4003134
6.1740231,51.4486302
5.9315672,51.9726013
6.6668349,52.3691738
6.5059565,52.3153206
5.7044492,50.8664272
6.0609765,51.3628006
6.49121,52.6082018
6.7741,52.242949
6.8614353,52.2864815
6.2010878,52.1298484
5.8827555,51.2500868
5.8118351,51.081686
6.285304,52.5866399
6.7134339,52.4642053
5.9054109,52.0016305
6.0196334,51.2091446
6.3982849,52.6034002
6.47728,51.9155372
5.7471448,51.5030446
6.7757432,52.2669223
6.3858659,52.600191
6.8097763,53.1627606
6.0829042,51.9358495
6.222053,52.0264092
6.0444412,51.8903238
5.8190086,51.0702401
6.3349053,52.4375392
6.7432852,52.6505141
5.5913232,51.9347621
5.9675782,51.3294023
6.9701117,52.9812016
6.9551107,53.0702941
5.8806683,50.9270248
6.5128439,52.3593226
6.0310752,51.1907881
5.8287245,51.8921649
5.82888,51.8920457
6.9965368,53.1608608
6.5578024,52.2937154
6.8658415,53.1673297
6.6101255,53.2228529
6.5187208,52.874804
6.4459703,52.7740153
5.6012155,51.6718973
6.1563698,51.905977
6.1578944,51.9060005
5.8874746,50.9725214
6.8511276,52.2835808
6.8065143,53.2218094
6.2008726,52.1547898
6.5747862,52.4615567
5.7518502,51.4012967
6.8516552,52.7163289
6.7112013,51.9639377
5.946592,51.9705724
6.5072757,53.3933415
5.590404,51.9718742
5.874059,51.7567515
5.835554,51.7677865
6.9831096,53.0946393
6.7449324,52.2866379
5.998883,51.9620452
6.0088282,51.9656706
6.3738798,51.8708924
5.7279457,51.4991322
6.9160925,52.7554509
6.792547,53.2060772
6.6291166,52.5587006
5.6511094,51.9610856
5.7409478,51.9747745
7.0034539,52.3145123
5.8355741,51.813296
6.7338091,51.974971
5.7436833,51.9867973
5.7236861,51.9130918
6.5943804,52.0407632
6.4161075,52.5320404
6.6481134,52.0918697
6.0773708,50.8824481
6.5656408,52.4563919
6.4581586,52.0774266
6.8049102,52.2649014
5.935977,50.9304905
6.6275759,52.0389735
5.8882887,50.8398023
6.7144772,52.1534455
5.6565177,51.9095616
5.7330946,51.763823
6.7345423,52.8017858
6.7558848,53.165851
6.96693,52.7396694
5.6745211,51.9965787
5.841855,51.8179782
6.1897594,51.3808586
6.0517215,51.9522305
5.9216253,51.9124792
5.8281035,51.8511395
5.8139326,51.837577
6.7147223,51.9612423
5.5252861,51.7546479
5.8793528,51.6890932
7.0516859,53.1492134
5.7199887,51.3970131
5.8032306,51.8429625
6.3645959,51.9027112
15.0394109,52.3168319
14.8251487,50.8793907
15.0321088,51.1766461
14.8270351,50.8751849
15.0282085,51.1573324
15.0286272,51.1605036
14.4882178,53.2331548
14.6518149,53.3850736
14.651426,53.3803451
14.551872,53.4324399
14.5456118,53.4249853
14.5323492,53.4368776
14.5225202,53.4453989
14.537315,53.4541798
14.6059124,53.3718582
14.9306535,51.7860807
14.970084,51.7853456
14.9514577,51.7882583
14.6752953,53.3973211
14.5606663,53.454099
14.4722083,53.3714734
14.5435927,53.4596788
14.5791096,53.4652907
14.7452806,53.353027
14.7873017,53.2352173
14.488861,53.2561021
14.5086453,53.2733195
14.8311131,50.8903203
14.8719238,53.3450598
15.0425838,51.1574166
14.6393709,52.5792338
14.641879,52.5748558
14.6395063,52.5804748
15.1780246,51.1470244
15.3050147,51.1044452
15.3092571,51.0993086
14.5007928,53.420916
14.4731624,53.454797
14.7341149,51.5396868
14.4662215,53.4291997
14.6420595,53.3849633
14.615961,53.3955415
14.5036633,53.4042743
14.6408615,52.5797675
14.7892814,52.1966995
14.3456382,53.0065267
14.3695018,52.9817855
14.8091993,52.5633307
14.1504797,52.8528664
14.8463754,50.894189
14.7254451,51.9447439
14.7480534,51.5354616
14.1299969,52.84622
14.7487561,51.9551597
14.731615,51.9477784
14.9725171,51.7906002
15.1010256,51.4357911
14.8243032,52.3322108
14.9209113,50.9458664
14.7657303,51.6657793
14.5646599,52.3624153
14.6365396,52.3518784
14.3692177,53.083297
14.8803122,52.6744244
14.8894578,52.6841432
14.5511759,53.4467939
14.7618002,52.4052833
14.8430515,50.897237
14.1400013,52.8481834
15.2088363,51.2891627
15.0068702,51.1592356
15.0295334,51.1557868
14.541771,53.4509478
14.4738815,53.4301214
14.1335306,52.8450179
14.6525914,52.5958646
14.8266308,51.6485193
14.826543,51.6501157
15.1112186,51.1892962
14.7183532,51.9089671
14.7432118,51.9509201
14.6680672,51.7521875
14.8162211,51.6335463
14.5843911,53.3063333
14.5821351,53.3059262
14.1323915,52.8431526
14.4853674,53.4268917
15.2216123,51.5258883
15.2049669,51.5093929
15.2084366,51.5265368
14.6740801,52.6518455
15.2334235,51.5305561
14.6221497,53.6489501
14.2107437,52.8751299
14.5995428,53.849071
14.4999141,53.4255184
14.6528125,52.3238912
14.6530662,52.3253035
15.1173692,52.0551542
14.4931529,53.4120209
14.6136116,53.845228
14.7680614,51.9591219
14.4891756,53.2611441
14.5032028,53.2686715
14.4901087,53.2212865
15.1354962,51.6368022
14.7627701,51.9580488
15.0092524,51.1446474
14.9554434,52.7624926
14.9524465,51.4735777
14.5704167,53.4428679
15.4427023,51.2367525
14.6492219,52.3080317
15.1473168,51.6558945
14.9987692,51.6389933
14.7401159,51.5412994
14.5043712,53.3920438
15.1530738,51.6370682
14.747874,51.5445977
14.7143556,52.7395575
14.7144355,52.7398795
14.6860317,52.7409983
14.6863643,52.7414932
14.8279617,52.3375863
14.7355926,53.363273
14.7416354,53.3617644
15.2151834,51.5231972
14.6492089,52.4846428
14.5703019,52.3484541
15.0015777,52.3264081
14.80361,52.19268
14.3889357,53.4487283
14.8157035,52.345702
15.0410977,52.3178756
15.0006342,51.1521756
14.6769952,53.3886018
14.6554862,52.5879876
14.8609711,51.6351462
14.6764918,53.381224
15.049384,51.5682766
14.6227801,53.6490502
14.4442259,52.9613326
14.5119812,53.4515977
14.5885007,53.4585999
14.9734344,51.0588238
14.5944463,53.4615863
15.1277278,52.0174739
14.5990165,52.3339196
15.2199547,51.5260618
14.9551165,50.9140068
15.0537511,51.0323478
15.019457,51.1516633
15.0153603,51.1273739
14.7430938,51.9509749
14.960186,51.4856065
14.7809513,51.7869359
14.3839709,53.4512002
14.9841391,51.0624246
14.9668506,50.9096069
14.6148439,52.3333903
15.0412836,51.2470539
15.0287316,51.227359
14.6233979,53.9629043
14.2745472,53.9021671
14.3800819,53.452383
14.6691022,51.7447325
14.5679009,53.5149683
15.3542538,51.0766734
14.6134274,52.3340968
14.6153952,52.3391333
14.6151774,52.339005
14.6144239,52.3337531
14.6194249,52.3327029
14.6150431,52.3346042
14.6158634,52.3344384
15.2468854,51.2072643
14.6418076,52.3136369
14.6413289,52.31336
14.6500178,52.3078389
14.5691315,53.4563981
14.7818242,52.6431581
14.9365959,52.3210977
14.9372708,52.32091
14.9542613,52.3212805
15.0872783,52.3198991
15.039139,52.3169317
15.044745,52.3162217
14.90775,52.3254255
14.9541927,52.3215138
15.2636821,51.2213062
14.7413286,51.5355431
15.1335626,51.6367014
15.0508417,51.1854968
15.0510161,51.1853987
14.7158926,51.9067196
15.1457631,52.0128057
14.5404013,53.4096681
14.541265,53.4100022
14.542716,53.4111869
14.4366032,53.3402249
14.7139898,53.4202483
14.5489293,53.3385609
14.4262779,53.4390525
14.1291795,52.8435758
14.7402877,51.5414517
15.0016346,51.1501536
15.1685199,52.1502515
14.5838409,52.3464813
14.4323893,53.3327899
14.5717644,53.4556847
14.5734253,53.4585887
14.828034,51.6722148
15.125159,51.6534725
15.0594434,51.0789391
15.028685,51.1623266
14.7009038,51.9054395
15.0337127,51.180586
14.8616288,51.6352212
15.1077601,51.1892191
15.2379543,51.2106753
14.8148388,51.6382072
14.5911511,53.3589044
14.5923325,52.336882
14.6486878,52.3085219
14.6483602,52.3082658
14.6488126,52.3072439
14.6489782,52.3070993
14.6485749,52.3069664
15.0280851,51.1629355
15.0261013,51.1662632
14.6146966,52.3371649
15.2374036,51.2110112
14.8172901,52.3443405
14.9896358,51.796258
14.6409033,52.3140484
14.3761235,53.4537796
15.0879121,52.3191458
14.6137963,52.3330596
14.6140359,52.3331987
14.7451837,53.3526524
14.3251369,53.0365551
14.4882866,53.2420116
7.5556247,47.5931448
8.6233174,47.3963906
8.6199554,47.4010933
8.676093,47.4320909
8.621418,47.686119
8.6093701,47.6822764
8.6064702,47.6799675
8.6114652,47.6866921
8.6005845,47.6773289
8.5161525,47.714297
8.7129812,47.4956958
7.754132,47.6422548
8.4973287,47.3995257
9.1901695,47.7541134
9.2811915,47.6929846
9.1740507,47.7715719
9.1712839,47.7696619
8.5095674,47.3815542
9.4535278,47.6567871
8.4921479,47.3811098
9.0696973,47.5335372
8.8576878,47.6556123
8.8533445,47.6577964
8.5301934,47.3373646
8.5298146,47.3398175
8.5187472,47.3236425
8.695437,47.3890134
8.5340966,47.3485725
7.7003458,47.5278765
8.5437196,47.5080581
8.5406917,47.5063807
7.6900191,47.5250153
8.2358504,47.4804183
8.2391514,47.4811412
8.242173,47.4842929
8.5399105,47.3980896
9.5868267,47.6076347
8.3478347,47.4387423
8.3470877,47.4383077
7.7800748,47.563189
7.7343968,47.5389027
9.5445168,47.3795583
9.6323467,47.4149057
9.1387028,47.4352023
9.1553713,47.4513754
8.0316396,47.5023332
7.7056577,47.6405447
7.5939844,47.6338567
8.8857991,47.5882149
8.8750941,47.6602469
8.8205492,47.7046119
8.820345,47.706782
8.8208431,47.7092628
8.6428183,47.374827
8.5011516,47.4012329
9.0967582,47.5659008
9.1047017,47.5629712
9.0999412,47.5644097
9.1211508,47.5622326
8.3679597,47.5101487
9.6577046,47.3658287
8.465643,47.4436565
7.5942068,47.5809034
8.3260826,47.3555523
8.5903409,47.4155139
8.2915271,47.4665171
7.9074428,47.3450623
8.6168482,47.4128994
8.6262929,47.4200011
8.2907357,47.4502033
8.2897349,47.4518737
7.8042047,47.3232719
7.5978721,47.5766825
8.0409728,47.3971141
8.5107127,47.3695212
8.0919529,47.4048172
8.7118888,47.3566826
8.722673,47.3521481
8.7137207,47.3504828
8.6945075,47.3700641
7.5964463,47.5777955
7.546409,47.5484517
7.8990052,47.3244632
9.7048281,47.5651216
8.5768921,47.3534438
9.2794791,47.3766726
9.2760473,47.3916685
7.5994793,47.5615058
7.598234,47.4896462
7.6037741,47.5258531
7.5047195,47.4236322
7.5461208,47.4832546
8.2467294,47.3115367
9.6150358,47.2677821
7.5978097,47.4724466
7.3688517,47.3896573
8.6453087,47.7030543
9.4689286,47.4787154
8.28805,47.4890282
8.8537158,47.7582595
8.2178467,47.5911059
7.5424953,47.4009426
7.5421063,47.4079233
8.5319464,47.3860523
8.2023524,47.3292879
8.4579156,47.7480618
8.4594036,47.7474281
8.6397406,47.7235876
7.5896372,47.4898013
8.1569652,47.4801381
9.7280637,47.5478483
9.5613286,47.5872322
9.118021,47.7319743
9.1647784,47.6550521
9.752019,47.5346925
9.1320734,47.5600805
9.1527304,47.5501032
9.1084158,47.5636851
8.4925388,47.5601728
8.7019951,47.3450854
7.7555382,47.4727471
8.466666,47.5285053
9.4620009,47.4770908
7.7714448,47.4275979
8.7269393,47.4070106
7.5679874,47.5615782
9.4684189,47.4941013
9.0297703,47.4800585
9.457662,47.4968466
8.5463543,47.3803229
8.5059844,47.393705
8.6128299,47.7921289
8.6121257,47.7924263
8.9934572,47.6959039
8.5211422,47.3728411
8.2949688,47.4865145
9.2346116,47.7238238
8.7012565,47.4518342
8.4383363,47.4541266
8.4068901,47.4585509
8.4631797,47.4460704
9.1735813,47.7123211
8.6233539,47.4448843
8.6251146,47.4445742
8.6844858,47.4186697
8.6848857,47.4220428
8.3353957,47.4620039
9.0601411,47.8164481
8.7635897,47.4344986
7.6642016,47.5518152
8.4404596,47.3968963
7.9359255,47.2974998
8.6871544,47.4294761
8.853201,47.7577041
9.4101696,47.4403024
8.4915916,47.4010238
8.518214,47.4141963
8.9564422,47.4305917
8.4940158,47.3802915
8.2128865,47.4495331
8.2113135,47.4682442
7.8541644,47.3967679
9.7381816,47.5353864
9.7328482,47.4985349
9.596235,47.4616505
9.5323785,47.4439922
8.2427063,47.5207038
9.0311262,47.5980137
9.0585959,47.4712239
8.2046398,47.5085315
8.556201,47.419653
9.36708,47.4206438
8.8987116,47.4932576
8.8982352,47.4935613
8.546728,47.4938451
8.7927573,47.49898
8.5424928,47.3917824
8.7141595,47.5062912
8.746625,47.4980696
8.7604652,47.5111545
8.3401247,47.4948853
8.4484256,47.3015936
7.6204682,47.5101527
8.1985732,47.4437276
8.5392925,47.524994
8.4942908,47.3674025
7.6103923,47.5942045
7.9261251,47.3083286
9.353582,47.415088
9.3452637,47.4162331
8.4913858,47.390375
7.5469471,47.5574974
8.9811694,47.5995795
8.5377769,47.3812597
9.3470183,47.4308118
8.4578719,47.4388196
9.2005165,47.6399737
8.9693339,47.4641549
8.0219409,47.3232561
7.7227859,47.4990816
7.6548837,47.5944448
7.6541566,47.5930287
7.6529753,47.5919489
7.5729973,47.5762647
7.5584296,47.584094
8.5478098,47.4258408
8.5442164,47.4310129
8.9595388,47.5462321
9.636319,47.4307159
9.6358483,47.4307962
9.6345378,47.4311469
7.598306,47.4438493
9.6567397,47.4390284
8.2124349,47.4821318
9.3193379,47.727368
9.5486847,47.4261959
7.7212426,47.5075392
7.7208992,47.5075596
8.3854725,47.4595255
8.5927268,47.5183128
9.0762173,47.4438716
8.5033648,47.4911174
9.0714261,47.4431662
8.4558201,47.4117175
8.2619085,47.5684685
8.275488,47.4282005
8.2724217,47.4173263
8.240108,47.4119187
9.0035942,47.4739609
8.9978543,47.4773771
8.3476132,47.3479425
8.5431018,47.5127502
7.8670182,47.4696534
8.5978083,47.5008151
9.3401354,47.4148164
7.8032333,47.31862
8.366332,47.362284
8.5715463,47.6942169
8.0627019,47.3979596
9.600683,47.5947686
8.5221094,47.31532
9.6635305,47.4907031
8.5302907,47.3159652
9.0064483,47.3972404
8.6600579,47.6843629
9.5543385,47.3660199
9.555741,47.3635007
8.2723513,47.3506384
9.1656162,47.6508092
9.652495,47.3881888
9.6515888,47.3884504
9.6509123,47.3894196
9.6683762,47.3790862
9.6287917,47.4540277
9.3189099,47.5214072
8.2320174,47.6062644
8.2312691,47.60561
9.0345584,47.4649989
9.6370246,47.3316708
9.392037,47.3874942
7.5894671,47.5434128
7.6943285,47.5236294
9.6028383,47.4608585
9.2315472,47.4984489
8.2302693,47.6107908
8.4684736,47.4325203
8.5553574,47.8461178
7.8448259,47.4073058
9.2874716,47.603159
7.8153642,47.6428085
7.8070843,47.6468544
8.5125042,47.3702456
7.7712298,47.5490913
9.0284147,47.467413
8.5181345,47.3617439
9.5300277,47.6309002
9.561915,47.3892611
8.4453967,47.5729106
9.0044066,47.6029279
8.5640414,47.4161815
9.1350938,47.6821977
8.5798679,47.3160213
8.4658983,47.4302305
8.1147393,47.3108368
9.2892411,47.3893281
7.7239716,47.5117553
7.7041725,47.2965546
8.2838214,47.6347443
7.7113994,47.5347184
7.7100491,47.534798
7.8037043,47.5515639
9.4797592,47.4785826
9.6422287,47.3953437
8.4378679,47.4473818
8.9973738,47.5929159
7.7196762,47.5145743
8.0006818,47.3500616
8.0004404,47.368858
8.8659854,47.6501462
8.5025926,47.4209538
8.2205044,47.4917485
7.8428006,47.464407
7.764044,47.3514155
8.5193947,47.3403588
8.0304155,47.3298119
7.5816517,47.5560476
8.2735461,47.3389076
7.910048,47.3504058
8.2944504,47.5872586
9.7013359,47.552859
8.544193,47.5114381
8.5423099,47.5197883
8.3865279,47.3355999
8.6063662,47.6936323
9.4812074,47.4786364
9.4015871,47.4866772
8.5125684,47.5091032
7.8550734,47.4662467
7.8625272,47.4684465
7.8689668,47.4700755
7.8658653,47.4699424
8.0918191,47.3635748
8.081721,47.3695944
8.037322,47.3318925
9.4237203,47.4413754
9.0489562,47.4555183
7.6037836,47.4559946
8.2037838,47.616476
7.9292335,47.364319
7.9361357,47.3641973
8.9180358,47.5695474
8.3302925,47.4641994
7.8271809,47.5634357
9.60172,47.4046655
8.2857586,47.4835208
8.2788868,47.4824992
8.9362629,47.5149857
8.3499524,47.3551895
8.4013293,47.3922397
7.9637547,47.5605714
8.8289072,47.7661759
8.0163867,47.5544475
8.88812,47.75336
7.794054,47.5650605
7.9050331,47.6228135
8.884564,47.7581087
8.7308534,47.5362104
7.5942075,47.5398447
9.3951542,47.4429009
9.4042836,47.3344151
9.4353013,47.31076
8.248409,47.5715215
8.9238617,47.4721147
7.6012516,47.5589206
8.0472612,47.31254
9.3998191,47.4541087
8.5468061,47.4184706
7.6152256,47.3958162
7.6113525,47.3915601
8.5781558,47.3226321
8.4936574,47.3857365
8.2466031,47.4607862
7.932476,47.302478
9.7332378,47.4878585
9.7049067,47.5548593
9.4018411,47.4350159
8.1739419,47.3083457
8.1978124,47.3240487
8.1142369,47.328327
8.1133692,47.3304708
8.4168683,47.3171831
9.6080923,47.2723283
7.5939828,47.59498
7.4235646,47.3506664
8.4422571,47.7366087
9.0722476,47.7194999
7.6830161,47.5311743
8.2933501,47.447321
9.3141348,47.5945616
8.5497781,47.4049521
8.9264382,47.4482244
8.5239096,47.4123963
8.5268978,47.4113884
7.6117466,47.5318693
7.9339436,47.2809398
8.0829356,47.3739415
8.5563801,47.404558
8.9087115,47.4864186
8.9072876,47.4857643
8.2435691,47.349121
7.3587655,47.3664591
9.2518229,47.4088158
8.213276,47.5813824
8.9648204,47.5457396
9.5886822,47.3940392
7.8642478,47.3419652
7.6756991,47.6226369
8.2704217,47.349985
8.274833,47.3452931
8.287749,47.454452
9.3666512,47.5681086
7.7701397,47.645568
8.1929614,47.4836112
8.1921644,47.4833911
7.724108,47.511197
9.1862367,47.6447869
8.9452808,47.4573832
8.5473271,47.4071384
9.0579538,47.5850081
9.0568047,47.5835169
9.0705288,47.5807927
8.1487249,47.5875423
8.3510271,47.3454159
7.5741773,47.5580502
7.9532825,47.3504527
8.2114395,47.4661414
8.5233914,47.5678724
8.7197006,47.4046286
8.7176151,47.4156646
8.564167,47.3678087
8.5644227,47.367931
8.5480473,47.3625248
8.1452091,47.4500225
8.5681877,47.3624756
8.7241822,47.4065994
8.7441568,47.4252829
8.2155504,47.5254889
9.5309378,47.3405606
7.740861,47.4604711
9.4803896,47.6706816
7.8493975,47.5521223
7.6409066,47.5300292
7.65582,47.5268723
7.6457936,47.5286057
7.6839663,47.5250327
7.9069744,47.3450234
7.8911643,47.3502334
7.8374242,47.3309439
7.8364586,47.330653
9.0887564,47.6671495
9.1223471,47.6597537
9.1455649,47.6528233
9.1720898,47.6502071
9.2117789,47.645075
8.5297022,47.3943519
8.5836156,47.4063348
8.5865897,47.4073571
8.5831505,47.4062266
8.577361,47.402714
9.3942267,47.4621978
8.6061099,47.3956372
8.1153725,47.3061018
8.114051,47.3036534
8.5224826,47.361231
8.1839806,47.3177695
7.8135915,47.6426629
8.5267589,47.391139
8.56718,47.4039392
8.05761,47.559441
8.0594506,47.5598787
8.0455257,47.5392003
8.6018688,47.346225
7.7971871,47.5529398
7.9885828,47.5316738
7.613754,47.5394931
7.6046921,47.5334532
7.6969458,47.2668117
7.949218,47.3798416
8.6867823,47.6957798
7.8018327,47.5704719
9.3033076,47.5497616
7.5776747,47.5421359
9.4474006,47.5012294
9.647659,47.3043089
8.3957628,47.3841541
9.6051902,47.425379
8.1698834,47.3873573
8.1670366,47.3871138
8.393637,47.311382
8.0869974,47.3832035
9.5605527,47.4988046
8.681685,47.3734647
8.612637,47.5797861
9.3463656,47.533994
7.6289604,47.5340938
9.6034767,47.4613484
8.0148684,47.5143094
8.5591906,47.4289183
7.9998401,47.3731767
8.1440957,47.373198
8.1430026,47.3747566
7.941497,47.5278232
8.0853579,47.4036418
8.0992771,47.539035
9.5928058,47.4633625
9.5919065,47.464392
8.2916991,47.4370715
9.0689804,47.4440522
8.615942,47.6827472
8.9746831,47.5777503
8.5830796,47.6950212
9.0464699,47.4176287
7.5720091,47.5447787
8.6108011,47.7927487
7.6054191,47.5300983
7.5935859,47.5850184
9.0602983,47.4736901
8.6117532,47.3965171
8.4847451,47.4802114
9.4958775,47.4184749
8.9060671,47.5618331
7.5837638,47.5460209
7.573832,47.5657309
8.1606575,47.3452668
8.0091467,47.5011525
8.5662085,47.4310576
8.9936157,47.4641945
7.5716108,47.5350101
7.5584937,47.516749
7.6066804,47.536654
9.5830132,47.3973733
7.7439658,47.4565572
9.3718004,47.5481192
9.3717356,47.548936
8.556814,47.3103623
7.6055759,47.4573271
7.6899813,47.4056205
8.3261293,47.4551398
8.2046254,47.4407004
7.7232975,47.4969617
7.7207307,47.5085173
8.6377475,47.6693995
7.7056924,47.4315388
8.3678402,47.3619944
8.5796866,47.4460109
7.9394013,47.2817869
7.9453164,47.2833097
8.4116786,47.4000687
8.4966868,47.3684376
7.5692209,47.5712202
8.2201673,47.4052121
7.8004766,47.4672556
8.5472046,47.5203202
8.2674926,47.4962061
8.5178622,47.3875823
8.3120463,47.3029914
9.1217028,47.5622719
7.3601035,47.3625325
8.3796825,47.367448
8.6613007,47.8199174
8.3687981,47.3611129
8.1593713,47.4121896
8.7262668,47.61111
9.4123697,47.4374245
9.5346507,47.4370012
8.6292744,47.70274
8.3244779,47.4515744
8.2412945,47.4892439
9.061435,47.8159899
8.9537317,47.4623067
7.7508902,47.3322385
9.0477971,47.5635032
7.5572631,47.5486386
7.624196,47.5513783
7.6255636,47.5498243
7.7320381,47.2913911
7.6947097,47.3042479
7.70203,47.3160686
7.7493738,47.3872446
7.7549292,47.4101351
8.5340093,47.6096267
8.5396384,47.6110084
8.0524957,47.3600319
7.7583082,47.4721676
7.7626736,47.4705075
9.5802881,47.474544
7.5058915,47.6082635
8.5254818,47.4605932
8.67484,47.3921617
7.8070957,47.4570056
7.8025587,47.465747
7.8156986,47.3895748
9.4000416,47.5223356
9.1696618,47.4174703
9.1676119,47.4194044
9.1684557,47.4172251
9.1710466,47.4170479
7.5541772,47.5037693
7.6087693,47.4901182
8.5299541,47.3274477
9.5775085,47.4768133
8.873065,47.552469
8.8891118,47.5611502
8.8752912,47.5637988
8.4244498,47.3968788
9.0690072,47.4117642
8.8847762,47.5523233
7.7336613,47.4869096
7.7429482,47.4563934
8.1649918,47.4141929
8.1787604,47.3985241
9.384802,47.4597676
7.7051708,47.2851445
7.7062761,47.2859514
7.6870648,47.2687837
8.1827061,47.6141829
8.6800183,47.5162885
8.6823507,47.5149155
9.4381216,47.5136018
9.4242988,47.5192521
8.2926498,47.5895989
8.0550095,47.3597415
9.3453386,47.4684012
7.5045536,47.4894326
9.5510992,47.4846521
8.5245108,47.3881064
8.3295104,47.4477209
9.5875922,47.4695439
7.3576492,47.3690097
8.6575457,47.5214538
7.6621556,47.4325864
8.4870209,47.39498
8.2532926,47.5616899
8.2567835,47.5695246
8.2268849,47.5771617
8.1489062,47.5876126
8.9227894,47.5263292
8.5536233,47.3560414
8.9306009,47.5215972
7.5600718,47.5163995
7.6050881,47.5339568
8.974571,47.6374683
8.9134763,47.6448104
8.16833,47.4422791
8.2900775,47.3474105
9.6307567,47.4137752
8.0260666,47.3392782
9.6494431,47.430207
8.7356322,47.7397069
8.3991162,47.4151459
8.4244931,47.3970852
9.6532852,47.3411252
8.471176,47.4061725
8.4414569,47.3967811
8.4149802,47.4130697
9.1931287,47.5295277
8.4363179,47.6666581
8.3326435,47.4627192
7.5738336,47.5614049
8.166314,47.4339331
8.5872489,47.3583523
8.5970286,47.4503419
7.9255008,47.552955
8.3079251,47.3342885
9.4852195,47.4797778
8.5382677,47.4067224
9.4161754,47.3735229
9.5680812,47.3255258
9.5447467,47.3758306
9.2347824,47.4190579
8.7055232,47.3571454
8.610322,47.4016204
9.0558872,47.4394579
9.0566161,47.4386388
9.2727646,47.5447515
7.618251,47.49902
8.4116243,47.4068433
9.1962333,47.6417797
8.4532841,47.3594959
8.9597223,47.4953791
9.6348381,47.3530092
7.6073525,47.5352264
9.869389,47.0981679
8.3123437,47.3003825
7.8961623,47.3099508
8.7268737,47.5595758
8.490236,47.375256
7.9515026,47.2790722
8.052012,47.4047294
9.0332089,47.481454
8.4652196,47.4811385
8.3465772,47.6415698
8.0944457,47.4046337
8.5052021,47.476254
9.1637127,47.6750312
8.8432809,47.7427488
7.5635197,47.567022
9.4131283,47.5212089
8.4197113,47.6267489
7.9089557,47.4393235
8.5183109,47.4151254
9.4837175,47.6525176
8.0550713,47.3338554
8.0557843,47.3299802
8.0541381,47.3360554
8.4071653,47.4217428
8.7881488,47.7365429
8.7923321,47.7611058
8.3913972,47.4294941
9.1656826,47.5792061
8.5179148,47.3360236
7.5643836,47.5617705
9.5099862,47.4478363
9.698056,47.3819524
8.0688096,47.3967459
8.0582701,47.3948917
9.3601854,47.5743189
9.2866655,47.3195962
8.3081177,47.5813087
8.5357645,47.3719638
8.3712383,47.3512724
8.5405286,47.4171988
8.2028678,47.3962823
8.6284202,47.4028356
7.7226734,47.4752745
8.5179685,47.4286035
8.5491137,47.3790129
8.511542,47.4108829
8.4310994,47.3592877
8.217243,47.4878037
8.332197,47.3571318
8.5806933,47.4596265
9.5732508,47.3942795
9.3593015,47.4183849
8.9007712,47.5682248
8.8867021,47.5724671
9.2812775,47.3883268
8.3143565,47.461131
9.1892477,47.6420717
8.7551312,47.4870974
9.2819028,47.4700567
9.2814145,47.4665204
8.2249951,47.4735135
8.0997754,47.3551672
9.3962732,47.4581207
9.1704414,47.6109486
9.1696474,47.6114375
9.1683119,47.6119094
9.1681555,47.5826067
9.0690234,47.5922035
8.785714,47.5002265
9.3044453,47.4039492
9.147042,47.677583
9.3953535,47.3319775
9.3959932,47.3317158
9.364246,47.419519
8.4520921,47.4858278
7.6158799,47.5619299
8.6803113,47.3791236
8.1605069,47.3533465
8.102989,47.3565629
8.7589991,47.4923059
9.221738,47.5490727
7.5377885,47.551192
8.4371213,47.4911259
8.5493439,47.4138567
8.5393004,47.4503807
8.6128314,47.4035196
9.1418678,47.6602456
9.3359947,47.4116969
9.2541153,47.4169136
9.138589,47.4463906
9.3189866,47.5777304
9.1529206,47.6758565
8.1884482,47.5173549
8.1606104,47.4709809
9.2430398,47.4186937
8.5590821,47.4293869
7.5018756,47.4237177
7.9953799,47.5285996
8.594189,47.5172815
8.5947525,47.5176581
9.038373,47.8010966
8.3361017,47.3504859
8.4670441,47.3965492
9.3805405,47.4614634
8.6051007,47.3984726
8.5408584,47.3353262
8.5585571,47.3522069
8.6016378,47.408064
8.5478749,47.361258
8.5997702,47.4079849
8.6075961,47.4032098
8.5631012,47.4319133
8.4806515,47.4429478
8.4820011,47.3940505
8.5700758,47.3592493
8.5114068,47.3770637
8.5336955,47.3662195
8.5333362,47.3876457
8.4987174,47.3873897
7.7545096,47.4098549
8.2977491,47.483749
8.5271036,47.3623528
8.5818951,47.6514707
8.6472417,47.5716021
8.0503423,47.4738153
7.739865,47.6408643
7.618281,47.4990429
8.6969995,47.6375618
9.5617342,47.3888715
8.5520732,47.4919178
9.6368515,47.4546149
8.5265047,47.4642884
9.4020644,47.4347617
8.5319389,47.358531
8.4262064,47.5629444
8.7148485,47.7405689
8.7157631,47.7404868
8.7158999,47.7409098
8.7174918,47.7404291
9.0389859,47.4533993
8.6050346,47.6938743
9.374814,47.5449108
9.371126,47.5529127
9.3659627,47.5654934
9.3659051,47.5643514
9.2691216,47.6176153
8.6835806,47.5813151
8.6826405,47.5814336
9.2029152,47.375288
9.4337841,47.6620897
8.5266314,47.4109696
7.982551,47.3564181
7.6138161,47.4830697
8.414396,47.4192262
8.3463008,47.3868247
8.285165,47.3484857
8.2437372,47.3826453
8.4601767,47.4447009
8.4616405,47.4523897
7.9074554,47.3363446
9.2552636,47.4776552
9.2621572,47.4679428
8.7689588,47.5550552
8.5398173,47.3753985
8.3283576,47.3898729
7.5661443,47.5522692
7.5324157,47.507531
8.5785387,47.4535612
8.5800231,47.455013
7.6918167,47.5256964
8.3076343,47.4268094
9.5847747,47.3986859
7.9345154,47.2986729
9.3157411,47.3643551
8.2109143,47.4810831
8.2914618,47.4362133
7.5058708,47.4899047
8.0660678,47.3926289
9.6235326,47.4280156
7.6093014,47.4969729
7.6030662,47.6002196
7.3072919,47.4995537
9.3025398,47.4870584
7.9759872,47.4811737
8.6695533,47.5967675
8.8417873,47.5465053
9.0252666,47.4622999
8.6527307,47.6511794
8.9145118,47.5713016
9.2367239,47.417705
8.9856754,47.6685485
7.5372615,47.5987924
7.7236395,47.4951105
7.604393,47.5242451
7.7195888,47.5124357
8.475161,47.3926384
9.0689778,47.4207777
8.7017149,47.4500535
9.0424289,47.4614909
8.5367834,47.8386672
10.3809185,47.0630949
7.9822724,47.3706167
9.3299364,47.4086152
7.6155132,47.2984159
7.6323208,47.3034182
7.6551131,47.3120723
7.6937459,47.3121226
7.6890231,47.3103099
7.6895856,47.3109843
7.6826113,47.3116448
7.7071892,47.3361217
7.6571106,47.3462785
7.7036982,47.3443957
8.0546458,47.3545685
8.6827398,47.4208451
7.5998795,47.5977593
8.8230819,47.7518193
8.6422562,47.3572373
8.5101259,47.3891035
9.1891178,47.5319274
8.0514674,47.3617404
8.9084935,47.5670281
9.2390315,47.4164627
8.1437519,47.4485975
9.5513067,47.4224848
8.6233036,47.6927894
8.8209668,47.7099891
8.0791765,47.3700201
8.4526451,47.4017851
8.907842,47.5634184
8.9057258,47.562051
7.8947767,47.3115525
8.2424829,47.5260002
9.152884,47.5512923
9.1568209,47.5493017
9.124147,47.5306124
7.7944525,47.3217724
7.7972829,47.3223665
7.800985,47.3158438
8.2539146,47.3527198
7.6130017,47.5550266
7.8467838,47.4648644
7.8035659,47.5520329
7.5286512,47.4388056
9.2031885,47.6394892
8.9949493,47.4797891
8.2230051,47.4122547
9.285074,47.5447787
7.6383204,47.5305185
7.7059913,47.5236976
7.5385737,47.4392075
7.6503672,47.530595
9.1247731,47.5622618
9.0007909,47.5182643
9.1810486,47.6442767
9.109392,47.4683386
8.8700672,47.6488222
8.4400249,47.39634
7.6085199,47.5537444
7.5430341,47.4145345
9.4756019,47.4786201
8.4345861,47.5587537
8.3135613,47.3666153
8.037042,47.3216477
7.5395795,47.483277
8.5962889,47.4492327
9.0219896,47.4629814
9.2444455,47.4919525
9.254673,47.4401317
7.685071,47.6307577
8.5404282,47.3384962
9.5316125,47.4801068
8.4988353,47.5580486
8.8316335,47.764785
9.2773807,47.3811643
9.5281745,47.4795882
8.4645069,47.6716714
9.7348361,47.4069998
8.2449029,47.5849101
8.226213,47.600102
8.1647052,47.3869937
8.6875185,47.4306294
9.6840422,47.5624482
9.367646,47.4090823
9.367224,47.4095679
9.368464,47.4083204
8.7204844,47.415815
8.2444104,47.4618829
9.3157311,47.3643909
9.4683542,47.4427209
9.3095446,47.4071356
8.4811385,47.4750355
8.2741527,47.4201113
7.5740822,47.5576214
7.6082659,47.6255352
8.6276122,47.7049065
8.8648318,47.5517833
8.7579241,47.6867256
9.5658712,47.3220389
8.5601673,47.5732808
8.8904804,47.5218943
8.2044935,47.3892962
7.8200162,47.4611186
7.6284867,47.5485082
8.867495,47.5648913
8.8541786,47.550369
7.5930238,47.5632306
7.9323762,47.2959533
9.2485588,47.4186567
8.75433,47.4982955
9.0649946,47.6960207
8.2942862,47.3892741
8.2557193,47.6235774
8.2663643,47.6285653
8.2627306,47.6273637
7.607316,47.6257474
8.5183392,47.4611631
7.5862721,47.5977055
8.6828929,47.3807486
7.4143158,47.4272787
9.3626561,47.4199227
7.915381,47.3480203
9.4628984,47.3342316
9.359311,47.3998903
9.3025813,47.4072998
9.3885251,47.4377167
9.3878786,47.4370362
9.554391,47.3868191
